20
28
63
66
104
105
106
107
114
115
116
123
124
125
126
127
128
129
130
131
132
133
134
135
136
137
138
139
140
141
142
143
144
145
146
147
148
149
150
180
181
182
183
184
185
186
187
188
189
190
191
192
193
194
195
196
197
198
199
200
201
202
203
204
205
206
207
208
209
210
211
212
213
214
215
216
217
218
219
220
221
222
223
224
225
226
227
228
229
230
231
232
233
234
235
236
237
238
243
244
245
246
247
248
249
250
251
252
253
376
377
378
379
380
381
382
449
450
451
452
453
454
455
456
457
458
459
460
461
462
463
466
467
468
469
470
471
472
473
474
475
476
477
478
479
485
486
487
488
489
490
491
492
493
494
495
496
497
498
499
500
501
502
503
505
506
507
508
509
510
511
512
514
515
516
519
520
521
522
523
524
525
526
527
528
529
530
531
532
533
534
536
537
538
539
540
541
542
543
544
545
546
547
548
549
550
551
552
553
554
555
556
557
558
559
560
561
562
563
564
565
566
567
585
586
587
588
589
590
591
592
593
594
599
600
601
602
603
604
605
606
607
608
610
611
612
613
614
615
616
617
618
629
630
631
632
633
634
635
636
637
638
639
640
641
642
643
644
645
646
647
648
649
650
651
652
653
654
655
656
657
658
659
660
661
662
663
664
665
666
667
668
669
670
671
672
